16901	0319	16901	0315
16901	0319	16901	0317
16901	0476	16901	0309
16901	0476	16901	0312
16901	0477	16901	0304
16901	0477	16901	0318
16901	0477	16901	0311
16901	0593	16901	0591
16901	0593	16901	0592
16901	0599	16901	0594
16901	0599	16901	0596
16902	0201	16902	0004
16902	0201	16902	0199
16902	0204	16902	0200
16902	0204	16902	0201
16902	0205	16902	0006
16902	0205	16902	0007
16905	0230	16905	0167
16905	0230	16905	0168
16905	0702	16905	0699
16905	0702	16905	0700
16906	0159	16906	0135
16906	0159	16906	0136
16906	0159	16906	0137
16907	0517	16907	0138
16907	0517	16907	0516
16907	0642	16907	0640
16907	0642	17359	0246
16907	0723	16907	0718
16907	0723	16907	0722
16907	0723	16907	0716
16908	0465	16908	0464
16908	0465	16908	0428
16908	0507	16908	0501
16908	0507	16908	0341
16908	0508	16908	0502
16908	0508	16908	0342
16908	0509	16908	0503
16908	0509	16908	0343
16908	0510	16908	0504
16908	0510	16908	0344
16908	0558	16908	0403
16908	0558	16908	0498
16908	0559	16908	0404
16908	0559	16908	0499
16908	0560	16908	0500
16908	0560	16908	0405
16908	0581	16908	0562
16908	0581	16908	0563
16908	0582	16908	0564
16908	0582	16908	0565
16908	0583	16908	0566
16908	0583	16908	0567
16908	0584	16908	0568
16908	0584	16908	0569
16908	0585	16908	0570
16908	0585	16908	0571
16908	0586	16908	0572
16908	0586	16908	0573
16908	0587	16908	0574
16908	0587	16908	0575
16908	0588	16908	0576
16908	0588	16908	0577
16908	0589	16908	0578
16908	0589	16908	0579
16908	0606	16908	0313
16908	0606	16908	0381
16908	0766	16908	0514
16908	0766	16908	0512
16911	0140	16911	0134
16911	0140	16911	0136
16911	0140	16911	0138
16911	0148	16911	0143
16911	0148	16911	0144
16911	0178	16911	0176
16911	0178	16911	0177
16911	0215	16911	0212
16911	0215	16911	0213
16911	0215	16911	0182
16911	0217	16911	0102
16911	0217	16911	0216
16913	0492	16913	0485
16913	0492	16913	0488
16913	0492	16913	0490
16913	0547	16913	0489
16913	0547	16913	0491
16913	0547	16913	0545
16914	0226	16914	0221
16914	0226	16914	0223
16914	0232	16914	0225
16914	0232	16914	0231
16920	0747	16920	0745
16920	0747	16920	0477
16921	0210	16921	0008
16921	0210	16921	0208
16921	0213	16921	0212
16921	0213	16921	0100
16923	0515	16923	0473
16923	0515	16923	0513
16923	0525	16923	0462
16923	0525	16923	0521
16923	0525	16923	0523
16923	0609	16923	0595
16923	0609	16923	0604
16923	0610	16923	0598
16923	0610	16923	0607
16923	0611	16923	0605
16923	0611	16923	0596
16923	0612	16923	0606
16923	0612	16923	0597
16923	0613	16923	0594
16923	0613	16923	0603
16923	0614	16923	0599
16923	0614	16923	0608
16927	0166	16927	0162
16927	0166	16927	0165
16928	0273	16928	0266
16928	0273	16928	0272
16930	0074	16930	0042
16930	0074	16930	0072
16930	0075	16930	0067
16930	0075	16930	0070
16930	0076	16930	0040
16930	0076	16930	0073
16933	0142	16933	0139
16933	0142	16933	0140
16942	0427	16942	0425
16942	0427	16942	0399
16942	0427	16942	0401
16942	0427	16942	0014
16942	0427	16942	0015
16942	0428	16942	0394
16942	0428	16942	0424
16942	0598	16942	0285
16942	0598	16942	0597
16944	0102	16944	0099
16944	0102	16944	0100
16944	0226	16944	0220
16944	0226	16944	0222
16945	1057	16945	0862
16945	1057	16945	0863
16945	1148	16945	0596
16945	1148	16945	1146
16945	1358	16945	0851
16945	1358	16945	0852
16945	1358	16945	0853
16945	1358	16945	1055
16945	1358	16945	1297
16945	1358	16945	1298
16946	0257	16946	0169
16946	0257	16946	0170
16946	0262	16946	0185
16946	0262	16946	0186
16951	0169	16951	0156
16951	0169	17565	1245
16962	0459	16962	0350
16962	0459	16962	0352
16962	0475	16962	0284
16962	0475	16962	0463
16962	0484	16962	0314
16962	0484	16962	0482
16964	0195	16964	0112
16964	0195	16964	0113
16964	0205	16964	0082
16964	0205	16964	0083
16965	0150	16965	0144
16965	0150	16965	0143
16965	0154	16965	0113
16965	0154	16965	0114
16975	0318	16975	0314
16975	0318	16975	0316
16980	0255	16980	0081
16980	0255	16980	0082
16982	0245	16982	0019
16982	0245	16982	0020
16983	0029	16983	0018
16983	0029	16983	0019
16985	0684	16985	0659
16985	0684	16985	0660
16985	0706	16985	0324
16985	0706	16985	0325
16985	0715	16985	0258
16985	0715	16985	0257
16985	0729	16985	0468
16985	0729	16985	0469
16985	0730	16985	0552
16985	0730	16985	0553
16985	0732	16985	0651
16985	0732	16985	0652
16989	0144	16989	0013
16989	0144	16989	0014
16993	0493	16993	0367
16993	0493	16993	0485
17036	0173	17036	0171
17036	0173	17036	0172
17036	0647	17036	0643
17036	0647	17036	0644
17053	0274	17053	0137
17053	0274	17053	0260
17074	0144	17074	0140
17074	0144	17074	0142
17079	0108	18184	0001
17079	0108	18184	0002
17079	0108	18184	0003
17079	0108	18184	0004
17079	0108	18184	0005
17079	0108	18184	0006
17079	0108	18184	0007
17079	0108	18184	0008
17079	0108	18184	0009
17079	0108	18184	0010
17079	0108	18184	0011
17079	0108	18184	0012
17079	0108	18184	0013
17079	0108	18184	0014
17079	0108	18184	0015
17079	0108	18184	0016
17079	0108	18184	0017
17079	0108	18184	0018
17079	0108	18184	0019
17079	0108	18184	0020
17079	0108	18184	0021
17079	0108	18184	0022
17079	0108	18184	0023
17079	0108	18184	0024
17079	0108	18184	0025
17079	0108	18184	0026
17079	0108	18184	0027
17079	0108	18184	0028
17079	0108	18184	0029
17079	0108	18184	0030
17079	0108	18184	0031
17079	0108	18184	0032
17079	0108	18184	0033
17079	0108	18184	0034
17079	0108	18184	0035
17079	0108	18184	0036
17079	0108	18184	0037
17079	0108	18184	0038
17079	0108	18184	0039
17079	0108	18184	0040
17079	0108	18184	0041
17079	0108	18184	0042
17079	0108	18184	0043
17079	0108	18184	0044
17079	0108	18184	0045
17079	0108	18184	0046
17079	0108	18184	0047
17079	0108	18184	0048
17079	0108	18184	0049
17079	0108	18184	0050
17087	0444	17087	0440
17087	0444	17087	0442
17087	0453	17087	0319
17087	0453	17087	0450
17087	0453	17087	0451
17087	0649	17087	0120
17087	0649	17087	0271
17088	0415	17088	0410
17088	0415	17088	0413
17093	0889	17093	0448
17093	0889	17093	0452
17093	0890	17093	0601
17093	0890	17093	0859
17097	1148	17097	1127
17097	1148	17097	1129
17123	0086	17123	0082
17123	0086	17123	0085
17141	0227	17141	0226
17141	0227	17141	0224
17141	0227	17141	0166
17141	0227	17141	0164
17141	0227	17141	0165
17141	0237	17141	0046
17141	0237	17141	0235
17153	0194	17153	0111
17153	0194	17153	0118
17154	0216	17154	0120
17154	0216	17154	0214
17192	0093	17192	0091
17192	0093	17192	0089
17192	0093	17192	0087
17192	0094	17192	0044
17192	0094	17192	0045
17192	0094	17192	0046
17192	0094	17192	0084
17192	0094	17192	0030
17192	0094	17192	0031
17192	0094	17192	0032
17192	0094	17192	0033
17192	0094	17192	0034
17192	0094	17192	0035
17192	0094	17192	0036
17192	0094	17192	0037
17192	0094	17192	0038
17192	0094	17192	0039
17192	0094	17192	0040
17192	0094	17192	0086
17192	0094	17192	0088
17192	0094	17192	0092
17193	0042	17193	0014
17193	0042	17193	0040
17193	0043	17193	0004
17193	0043	17193	0019
17218	0191	17218	0010
17218	0191	17218	0189
17218	0191	17218	0011
17218	0191	17218	0008
17218	0191	17218	0009
17225	0358	17225	0209
17225	0358	17225	0356
17286	0513	17286	0511
17286	0513	17286	0147
17296	0329	17296	0305
17296	0329	17296	0326
17296	0329	17296	0328
17309	0093	17309	0090
17309	0093	17309	0092
17315	0283	17315	0154
17315	0283	17315	0210
17319	0594	17319	0591
17319	0594	17319	0593
17319	0595	17319	0590
17319	0595	17319	0592
17323	0154	17323	0116
17323	0154	17323	0117
17323	0154	17323	0118
17323	0154	17323	0153
17328	0312	17328	0071
17328	0312	17328	0311
17330	0340	17330	0339
17330	0340	17330	0337
17333	0592	17333	0570
17333	0592	17333	0562
17333	0592	17333	0571
17333	0592	17333	0560
17333	0592	17333	0565
17333	0592	17333	0583
17333	0592	17333	0559
17333	0592	17333	0580
17333	0592	17333	0575
17333	0592	17333	0574
17333	0592	17333	0578
17333	0592	17333	0581
17333	0592	17333	0540
17333	0592	17333	0538
17333	0592	17333	0590
17337	0468	17337	0466
17337	0468	17337	0120
17338	0123	17338	0116
17338	0123	17338	0115
17338	0123	17338	0117
17338	0123	17338	0121
17343	0266	17343	0259
17343	0266	17343	0262
17343	0266	17343	0263
17348	0098	17348	0059
17348	0098	17348	0058
17348	0098	17348	0057
17348	0098	17348	0056
17348	0098	17348	0060
17349	0528	17349	0512
17349	0528	17349	0508
17349	0528	17349	0509
17362	0353	17362	0002
17362	0353	17362	0351
17365	0298	17365	0238
17365	0298	17365	0297
17366	0202	17366	0101
17366	0202	17366	0200
17366	0205	17366	0202
17366	0205	17366	0203
17367	0204	17367	0136
17367	0204	17367	0202
17367	0237	17367	0139
17367	0237	17367	0230
17367	0237	17367	0234
17367	0237	17367	0232
17367	0237	17367	0228
17367	0255	17367	0239
17367	0255	17367	0254
17368	0279	17369	0315
17368	0279	17368	0118
17368	0280	17368	0158
17368	0280	17368	0270
17369	0199	17369	0030
17369	0199	17369	0198
17369	0203	17369	0013
17369	0203	17369	0141
17369	0203	17369	0186
17370	0086	17370	0084
17370	0086	17370	0033
17370	0099	17370	0037
17370	0099	17370	0097
17370	0113	17370	0018
17370	0113	17370	0104
17370	0113	17370	0106
17370	0113	17370	0108
17370	0113	17370	0111
17370	0114	17370	0090
17370	0114	17370	0110
17370	0114	17370	0112
17379	0222	17379	0007
17379	0222	17379	0221
17380	0381	17380	0376
17380	0381	17380	0377
17380	0381	17380	0380
17380	0382	17380	0378
17380	0382	17380	0379
17384	0474	17384	0462
17384	0474	17384	0472
17385	0407	17385	0405
17385	0407	17385	0306
17390	0109	17390	0052
17390	0109	17390	0108
17409	0208	17409	0031
17409	0208	17409	0207
17416	0036	17416	0021
17416	0036	17416	0032
17417	0247	17417	0166
17417	0247	17417	0245
17417	0623	17417	0200
17417	0623	17417	0597
17417	0813	17417	0199
17417	0813	17417	0596
17418	0123	17418	0069
17418	0123	17418	0097
17435	0116	17435	0022
17435	0116	17435	0114
17444	0047	17444	0039
17444	0047	17444	0040
17447	0077	17447	0002
17447	0077	17447	0076
17448	9999	17448	0001
17448	9999	17448	0005
17481	0315	17481	0310
17481	0315	17481	0313
17481	0323	17481	0259
17481	0323	17481	0307
17482	0234	17482	0226
17482	0234	17482	0231
17485	1033	17485	1008
17485	1033	17485	0943
17485	1040	17485	1039
17485	1040	17485	0127
17485	1081	17485	1080
17485	1081	17485	0547
17485	1083	17485	0554
17485	1083	17485	0555
17486	0285	17486	0103
17486	0285	17486	0239
17490	0114	17490	0112
17490	0114	17490	0016
17492	0341	17492	0335
17492	0341	17492	0337
17492	0341	17492	0339
17498	0462	17498	0296
17498	0462	17498	0297
17498	0462	17498	0298
17498	0462	17498	0299
17498	0462	17498	0300
17498	0462	17498	0301
17498	0462	17498	0302
17498	0462	17498	0303
17498	0462	17498	0304
17498	0462	17498	0305
17498	0462	17498	0306
17498	0462	17498	0307
17498	0462	17498	0308
17500	0221	17500	0007
17500	0221	17500	0217
17501	0170	17501	0143
17501	0170	17501	0167
17503	0419	17503	0398
17503	0419	17503	0399
17507	0285	17507	0145
17507	0285	17507	0146
17507	0285	17507	0147
17507	0286	17507	0276
17507	0286	17507	0193
17507	0294	17507	0290
17507	0294	17507	0194
17507	0295	17507	0292
17507	0295	17507	0197
17510	0722	17510	0375
17510	0722	17510	0712
17516	0094	17516	0092
17516	0094	17516	0011
17519	0328	17519	0022
17519	0328	17519	0327
17525	0220	17525	0154
17525	0220	17525	0155
17525	0220	17525	0213
17526	0196	17526	0002
17526	0196	17527	0272
17527	0273	17527	0236
17527	0273	17527	0270
17527	0273	17527	0164
17527	0273	17527	0165
17527	0326	17527	0318
17527	0326	17527	0319
17527	0326	17527	0320
17527	0326	17527	0321
17527	0326	17527	0322
17527	0326	17527	0323
17527	0326	17527	0324
17527	0326	17527	0325
17533	0150	17533	0029
17533	0150	17533	0109
17545	0170	17545	0040
17545	0170	17545	0116
17547	0115	17547	0111
17547	0115	17547	0113
17552	0155	17552	0142
17552	0155	17552	0115
17555	0248	17555	0099
17555	0248	17555	0096
17555	0259	17555	0049
17555	0259	17555	0257
17557	0189	17557	0039
17557	0189	17557	0187
17557	0192	17557	0040
17557	0192	17557	0190
17559	0094	17559	0088
17559	0094	17559	0091
17559	0095	17559	0089
17559	0095	17559	0092
17559	0096	17559	0090
17559	0096	17559	0093
17559	0101	17559	0098
17559	0101	17559	0100
17559	0102	17559	0097
17559	0102	17559	0099
17560	0342	17560	0190
17560	0342	17560	0340
17564	0962	17564	0957
17564	0962	17564	0538
17564	0963	17564	0543
17564	0963	17564	0954
17564	0966	17564	0965
17564	0966	17564	0956
17565	1270	17565	1005
17565	1270	17565	1006
17565	1299	17565	0771
17565	1299	17565	0773
17565	1299	17565	0973
17565	1310	17565	1308
17565	1310	17565	1306
17565	1586	17565	1268
17565	1586	17565	1301
17565	2033	17565	1981
17565	2033	17565	1983
17565	2033	17565	1984
17565	2209	17565	2205
17565	2209	17565	2207
17565	2820	17079	0087
17565	2820	17079	0082
17565	2820	17565	0800
17565	2820	17079	0078
17568	0157	17568	0151
17568	0157	17568	0152
17568	0157	17568	0154
17570	0131	17570	0126
17570	0131	17570	0092
17570	0131	17570	0118
17570	0131	17570	0121
17570	0131	17570	0119
17570	0131	17570	0123
17570	0131	17570	0124
17571	0196	17571	0050
17571	0196	17571	0195
17584	0580	17584	0579
17584	0580	17584	0454
